Baseline - Titles - Results

[[ 899  426  439  435  435  455  441  470]
 [ 436  951  422  453  456  406  431  445]
 [ 471  466  736  484  467  409  464  503]
 [ 400  438  436 1053  413  436  395  429]
 [ 427  451  393  423  925  441  482  458]
 [ 435  475  454  448  427  881  430  450]
 [ 375  403  397 1052  353  416  621  383]
 [ 347  372  330  358  334  373  366 1520]]
             precision    recall  f1-score   support

          0       0.24      0.22      0.23      4000
          1       0.24      0.24      0.24      4000
          2       0.20      0.18      0.19      4000
          3       0.22      0.26      0.24      4000
          4       0.24      0.23      0.24      4000
          5       0.23      0.22      0.23      4000
          6       0.17      0.16      0.16      4000
          7       0.33      0.38      0.35      4000

avg / total       0.23      0.24      0.24     32000

Accuracy: 0.2370625


Baseline Author - Results

[[1166  413  398  388  428  388  421  398]
 [ 435 1106  429  360  387  396  449  438]
 [ 440  446  733  471  481  446  493  490]
 [ 369  409  387 1268  379  376  416  396]
 [ 384  376  381  372 1401  346  361  379]
 [ 409  384  366  380  398 1291  393  379]
 [ 460  440  471  527  435  472  747  448]
 [ 417  413  419  396  386  429  419 1121]]
             precision    recall  f1-score   support

          0       0.29      0.29      0.29      4000
          1       0.28      0.28      0.28      4000
          2       0.20      0.18      0.19      4000
          3       0.30      0.32      0.31      4000
          4       0.33      0.35      0.34      4000
          5       0.31      0.32      0.32      4000
          6       0.20      0.19      0.19      4000
          7       0.28      0.28      0.28      4000

avg / total       0.27      0.28      0.27     32000

Accuracy: 0.27603125


Random Forest - 500 features Results - 30 trees/forest

[[3353  128   57   70   88   62  118  124]
 [  67 3028  128  201  160   41  292   83]
 [  39  181 3278   89   82   41  118  172]
 [  44  184  166 2884   73   43  487  119]
 [  64  224   95  102 3194   59   85  177]
 [  50  129   36   47  101 3529   38   70]
 [  67  310  199  458   86   22 2782   76]
 [  94  153  118  119  214   61  125 3116]]
             precision    recall  f1-score   support

          0       0.89      0.84      0.86      4000
          1       0.70      0.76      0.73      4000
          2       0.80      0.82      0.81      4000
          3       0.73      0.72      0.72      4000
          4       0.80      0.80      0.80      4000
          5       0.91      0.88      0.90      4000
          6       0.69      0.70      0.69      4000
          7       0.79      0.78      0.79      4000

avg / total       0.79      0.79      0.79     32000

Accuracy: 0.786375

gc Forests - 500 Features - Results

[[3206  230   44   38   49   61  140  232]
 [  25 2904  108  219  107   55  455  127]
 [  17  308 3116   35   60   35  209  220]
 [  13  217  170 2539   70   33  701  257]
 [  48  266   87   76 2905   36  228  354]
 [   4  211   25   18   76 3417   59  190]
 [  10  384  178  519   44   22 2705  138]
 [  57  230  121   68  123   54  235 3112]]
             precision    recall  f1-score   support

          0       0.95      0.80      0.87      4000
          1       0.61      0.73      0.66      4000
          2       0.81      0.78      0.79      4000
          3       0.72      0.63      0.68      4000
          4       0.85      0.73      0.78      4000
          5       0.92      0.85      0.89      4000
          6       0.57      0.68      0.62      4000
          7       0.67      0.78      0.72      4000

avg / total       0.76      0.75      0.75     32000

Accuracy: 0.747
